# Scene Configuration File
# Updated with character support

camera:
  position: [35.6184, 11.8733, 42.0387]
  direction: [-0.321564, -0.0129988, -0.946799]
  up: [0, 1, 0]
  fov: 90

character:
  position: [32.0, 10.0, 38.0]
  rotation: [0, 0, 0]
  scale: [1, 1, 1]
